fitting info
============
χ²:		0.05918708594328169
DoF:	75
χ²/DoF:	0.0007891611459104226

parameters
==========
0	a	14.742899333508877	±	0.318074563747388
1	b	-6982.539867334197	±	141.0344741650186
2	A	-22.340367313686876	±	2.6004714940482843
3	c	0.0013020223754144364	±	3.641970146947731e-05
4	s	0.00026690978604383	±	1.2384926090188933e-05

covariance matrix
=================
0.0	0.0	0.0	0.0	0.0
0.0	0.0	0.0	0.0	0.0
0.0	0.0	0.0	0.0	0.0
0.0	0.0	0.0	0.0	0.0
0.0	0.0	0.0	0.0	0.0

correlation matrix
==================
0.0	0.0	0.0	0.0	0.0
0.0	0.0	0.0	0.0	0.0
0.0	0.0	0.0	0.0	0.0
0.0	0.0	0.0	0.0	0.0
0.0	0.0	0.0	0.0	0.0

