fitting info
============
χ²:		0.23745011525147033
DoF:	76
χ²/DoF:	0.003124343621729873

parameters
==========
0	a	63.49498036018844	±	12.79913407152665
1	b	-24994.34417326799	±	4691.9168173138705
2	A	-571.4170468185986	±	168.37275100313536
3	c	-1.3274407272465571e-06	±	0.0003114697035809281
4	s	0.0007601610730718776	±	0.00010805731324349181

covariance matrix
=================
0.0	0.0	0.0	0.0	0.0
0.0	0.0	0.0	0.0	0.0
0.0	0.0	0.0	0.0	0.0
0.0	0.0	0.0	0.0	0.0
0.0	0.0	0.0	0.0	0.0

correlation matrix
==================
0.0	0.0	0.0	0.0	0.0
0.0	0.0	0.0	0.0	0.0
0.0	0.0	0.0	0.0	0.0
0.0	0.0	0.0	0.0	0.0
0.0	0.0	0.0	0.0	0.0

