fitting info
============
χ²:		20.909184701341985
DoF:	45
χ²/DoF:	0.46464854891871077

parameters
==========
0	a	-15.37166901713761	±	1.1553681703691727
1	b	5080.029122115712	±	366.414029097127
2	A	1.3716289023892114	±	0.08476105112708573
3	c	0.002924280976750553	±	1.1820236298243627e-06
4	s	6.030962706765645e-05	±	1.985789223725787e-06

covariance matrix
=================
0.0	0.0	0.0	0.0	0.0
0.0	0.0	0.0	0.0	0.0
0.0	0.0	0.0	0.0	0.0
0.0	0.0	0.0	0.0	0.0
0.0	0.0	0.0	0.0	0.0

correlation matrix
==================
0.0	0.0	0.0	0.0	0.0
0.0	0.0	0.0	0.0	0.0
0.0	0.0	0.0	0.0	0.0
0.0	0.0	0.0	0.0	0.0
0.0	0.0	0.0	0.0	0.0

