fitting info
============
χ²:		121.76989194051284
DoF:	96
χ²/DoF:	1.268436374380342

parameters
==========
0	a	-53.04250253933924	±	8.18104054198493
1	b	25757.057240527567	±	3843.0382285502583
2	A	38.35792340965115	±	5.908442173430606
3	c	0.0005910671443123852	±	4.848734207988082e-06
4	s	0.0002204835821176852	±	1.666260870816e-05

covariance matrix
=================
0.0	0.0	0.0	0.0	0.0
0.0	0.0	0.0	0.0	0.0
0.0	0.0	0.0	0.0	0.0
0.0	0.0	0.0	0.0	0.0
0.0	0.0	0.0	0.0	0.0

correlation matrix
==================
0.0	0.0	0.0	0.0	0.0
0.0	0.0	0.0	0.0	0.0
0.0	0.0	0.0	0.0	0.0
0.0	0.0	0.0	0.0	0.0
0.0	0.0	0.0	0.0	0.0

