fitting info
============
χ²:		51.850785416987954
DoF:	136
χ²/DoF:	0.38125577512491143

parameters
==========
0	a	1.0501923058746	±	0.02250520811246981
1	b	-203.94646023695486	±	19.484967443894675
2	A0	-0.3642901762729732	±	0.0033862601344130105
3	c0	0.001159260880300515	±	1.7718155563843825e-07
4	s0	3.8400943807879674e-05	±	3.598816875371255e-07

covariance matrix
=================
0.0005065475320584075	-0.4330255455441662	-3.7452233327531335e-06	-3.5733599402736126e-09	5.59400254598019e-10
-0.4330255455441662	380.0731485085693	-0.007261317464828372	3.1251270811400127e-06	6.186994115642639e-07
-3.7452233327531335e-06	-0.007261317464828372	1.1466939771565314e-05	-4.7733754392147686e-11	-1.1312970457760114e-09
-3.5733599402736126e-09	3.1251270811400127e-06	-4.7733754392147686e-11	3.1394394740689805e-14	3.949471471309049e-15
5.59400254598019e-10	6.186994115642639e-07	-1.1312970457760114e-09	3.949471471309049e-15	1.295157894961004e-13

correlation matrix
==================
1.0001246630178633	-0.9874856646223338	-0.04914443757568657	-0.8961386746901107	0.06906847674574573
-0.9874856646223338	1.0010777747325104	-0.11005136211726949	0.905210300905834	0.08823081079650809
-0.04914443757568657	-0.11005136211726949	1.0000158783899764	-0.0795585329048887	-0.9283176055826863
-0.8961386746901107	0.905210300905834	-0.0795585329048887	1.00003475525369	0.06193850553028747
0.06906847674574573	0.08823081079650809	-0.9283176055826863	0.06193850553028747	1.0000074159193846

