fitting info
============
χ²:		39.03915600772278
DoF:	56
χ²/DoF:	0.6971277858521925

parameters
==========
0	a	-0.4299817859881225	±	0.030373739226109808
1	b	69.87706214117652	±	4.765876272331688
2	A	6.74669950447293e-05	±	1.219378678696259e-06
3	x	0.00622451955699911	±	3.188214549522568e-07
4	s	8.829350991234663e-05	±	1.0109268992747328e-06

covariance matrix
=================
0.0009225640345757216	-0.14453033355483783	-1.2908049768193176e-08	7.456727776685087e-09	-9.372118878590873e-09
-0.14453033355483783	22.73251491945039	1.6835858231251737e-06	-1.1772091486750625e-06	1.1983080032352957e-06
-1.2908049768193176e-08	1.6835858231251737e-06	1.4868843729643181e-12	-7.166171107193439e-14	1.196953881059321e-12
7.456727776685087e-09	-1.1772091486750625e-06	-7.166171107193439e-14	1.0164727395783856e-13	-5.090229858945846e-14
-9.372118878590873e-09	1.1983080032352957e-06	1.196953881059321e-12	-5.090229858945846e-14	1.0219739984582408e-12

correlation matrix
==================
0.9999999999999999	-0.9984308270630535	-0.34851684531885513	0.7700208577971375	-0.3052247706346407
-0.9984308270630535	1.0008337866190657	0.28970360516439114	-0.7747531056648912	0.24871727101607918
-0.34851684531885513	0.28970360516439114	1.0000000073343187	-0.18433212823103776	0.9709996372664564
0.7700208577971375	-0.7747531056648912	-0.18433212823103776	1.0000015132742024	-0.15793198799721875
-0.3052247706346407	0.24871727101607918	0.9709996372664564	-0.15793198799721875	1.0000007855206168

