fitting info
============
χ²:		66.64094191923907
DoF:	56
χ²/DoF:	1.1900168199864118

parameters
==========
0	a	0.010887710396110016	±	0.0037426939958631884
1	b	0.005718773065588323	±	0.006420057960310199
2	c	6.439457373474955e-05	±	2.2252990087290314e-06
3	t	0.006228145655389808	±	4.103388658613198e-07
4	s	8.624705227482848e-05	±	1.93040433548508e-06

covariance matrix
=================
1.400775834667036e-05	2.2460991201772775e-05	-8.222834838790606e-09	-2.2421923928271406e-10	-6.759459128526365e-09
2.2460991201772775e-05	4.121763934742684e-05	-1.3960786335399242e-08	-5.562766913500799e-10	-1.1877034568697855e-08
-8.222834838790606e-09	-1.3960786335399242e-08	4.951955805217569e-12	1.3250727520787406e-13	4.161320754068504e-12
-2.2421923928271406e-10	-5.562766913500799e-10	1.3250727520787406e-13	1.6837840573384856e-13	1.1209866500951741e-13
-6.759459128526365e-09	-1.1877034568697855e-08	4.161320754068504e-12	1.1209866500951741e-13	3.7264718208153185e-12

correlation matrix
==================
1.0	0.9347718993114288	-0.987299398213751	-0.1459976618231417	-0.9355765798456493
0.9347718993114288	1.0000120128090855	-0.9771979721317333	-0.2111588364322872	-0.9583425858868736
-0.987299398213751	-0.9771979721317333	1.0000000256398012	0.14511379346559025	0.9687116744861882
-0.1459976618231417	-0.2111588364322872	0.14511379346559025	1.000002499718088	0.14151728971310687
-0.9355765798456493	-0.9583425858868736	0.9687116744861882	0.14151728971310687	1.0000029310265215

