fitting info
============
χ²:		11.83676245092042
DoF:	54
χ²/DoF:	0.21919930464667445

parameters
==========
0	a	-0.08561242761049181	±	0.0138971628390656
1	b	12.943128760837808	±	4.776468478428336
2	c	2.555264188836004e-05	±	3.562193580608497e-06
3	t	0.0030142833155713277	±	1.6969272643621146e-06
4	s	0.00010513738030351244	±	8.144018007113231e-06

covariance matrix
=================
0.0	0.0	0.0	0.0	0.0
0.0	0.0	0.0	0.0	0.0
0.0	0.0	0.0	0.0	0.0
0.0	0.0	0.0	0.0	0.0
0.0	0.0	0.0	0.0	0.0

correlation matrix
==================
0.0	0.0	0.0	0.0	0.0
0.0	0.0	0.0	0.0	0.0
0.0	0.0	0.0	0.0	0.0
0.0	0.0	0.0	0.0	0.0
0.0	0.0	0.0	0.0	0.0

