fitting info
============
χ²:		8481.76513113712
DoF:	1795
χ²/DoF:	4.725217343251877

parameters
==========
0	A	1.2660508178067489	±	0.0007361915321690837
1	u	-0.06407960562737114	±	0.00014918809466152316
2	#mu	1.8425238442918783	±	5.060815802582219e-05
3	#sigma	13.164668710551318	±	0.045933295710054445
4	B	0.1390150752056603	±	0.000575430229087695
5	#lambda	1.3992609622522	±	0.016958459524690106

covariance matrix
=================
5.419780864460473e-07	-2.4675241676352644e-08	1.6525926420858575e-08	1.4414122139006638e-05	-3.467113783440362e-07	-9.963178070767456e-06
-2.4675241676352644e-08	2.225708775453416e-08	5.362743384890729e-10	-5.917118524748053e-07	1.6137244701570414e-09	4.7214852986669553e-08
1.6525926420858575e-08	5.362743384890729e-10	2.5611856601726417e-09	6.742253018841614e-07	-1.1791244146243583e-08	-3.1257434242630705e-07
1.4414122139006638e-05	-5.917118524748053e-07	6.742253018841614e-07	0.0021098689627482674	-9.567467145365859e-06	-0.00025363838723639566
-3.467113783440362e-07	1.6137244701570414e-09	-1.1791244146243583e-08	-9.567467145365859e-06	3.3111997540148465e-07	3.950856290309656e-06
-9.963178070767456e-06	4.7214852986669553e-08	-3.1257434242630705e-07	-0.00025363838723639566	3.950856290309656e-06	0.00028763249650977726

correlation matrix
==================
1.000000211094528	-0.22466552232572026	0.4435621361538365	0.42625528120378303	-0.8184357731712921	-0.7980326783696432
-0.22466552232572026	1.0000000074492479	0.0710284467647446	-0.08634724670299121	0.018797606073489997	0.01866199527408017
0.4435621361538365	0.0710284467647446	1.0000000005489842	0.29003934027417266	-0.40489874272136905	-0.36420541311042054
0.42625528120378303	-0.08634724670299121	0.29003934027417266	1.000000619925595	-0.36197343528734216	-0.3256124310062549
-0.8184357731712921	0.018797606073489997	-0.40489874272136905	-0.36197343528734216	1.0000000810992138	0.404866795860165
-0.7980326783696432	0.01866199527408017	-0.36420541311042054	-0.3256124310062549	0.404866795860165	1.0001500301012785

