fitting info
============
χ²:		3173.4902554512864
DoF:	1055
χ²/DoF:	3.00804763549885

parameters
==========
0	A	1.2555028632681284	±	0.0008752646191637625
1	u	-0.06419975075271178	±	0.00022085995845527728
2	#mu	1.689464727677034	±	7.229409840825429e-05
3	#sigma	14.295330748427865	±	0.06692824003427589
4	B	0.15255895322731228	±	0.0007288769259560235
5	#lambda	1.1889340306765666	±	0.01370544865049883

covariance matrix
=================
7.660883809661026e-07	-5.2887546963194593e-08	2.3785185638752658e-08	2.2056263343055733e-05	-5.544586592116694e-07	-9.092924174512065e-06
-5.2887546963194593e-08	4.877912204527204e-08	1.3692440902845962e-09	-1.4598008151392622e-06	3.2058100523260556e-09	5.306168288159788e-08
2.3785185638752658e-08	1.3692440902845962e-09	5.226436670496552e-09	1.028860423202137e-06	-1.989289717640687e-08	-3.0436522708781774e-07
2.2056263343055733e-05	-1.4598008151392622e-06	1.028860423202137e-06	0.0044793948116108795	-1.6326518470285292e-05	-0.00025019490254243247
-5.544586592116694e-07	3.2058100523260556e-09	-1.989289717640687e-08	-1.6326518470285292e-05	5.312616362272939e-07	4.788830314851228e-06
-9.092924174512065e-06	5.306168288159788e-08	-3.0436522708781774e-07	-0.00025019490254243247	4.788830314851228e-06	0.00018787370497710994

correlation matrix
==================
1.0000002968407948	-0.2735880125309132	0.37589307605513433	0.37651576078325294	-0.8691116973065788	-0.7580030260355982
-0.2735880125309132	1.0000000163267646	0.08575531432035491	-0.09875684587820857	0.01991437120938249	0.017529550375911362
0.37589307605513433	0.08575531432035491	1.0000000011162857	0.21263963148762532	-0.3775208914981356	-0.3071842404376524
0.37651576078325294	-0.09875684587820857	0.21263963148762532	1.0000012272934644	-0.33468016712026916	-0.27275693119228916
-0.8691116973065788	0.01991437120938249	-0.3775208914981356	-0.33468016712026916	1.0000001186537755	0.47938229466364785
-0.7580030260355982	0.017529550375911362	-0.3071842404376524	-0.27275693119228916	0.47938229466364785	1.000183040830607

